generic
0.000009, 2, 0, 114, 0, 111111.1072, 254, 0, 50666664, 0, 0, 0, 0.009, 0, 0, 0, 0, 0, 0, 0, 0, 0, 0, 57, 0, 0, 0, 37, 2, 37, 37, 22, 37, 0, 0, 0, 37, 37, 0, 1, udp, dns, INT

normal
0.000011, 2, 0, 496, 0, 90909.0902, 254, 0, 180363632, 0, 0, 0, 0.011, 0, 0, 0, 0, 0, 0, 0, 0, 0, 0, 248, 0, 0, 0, 2, 2, 1, 1, 1, 2, 0, 0, 0, 1, 2, 0, 0, udp, -, INT

fuzzer
0.432656, 10, 8, 510, 354, 39.292187, 254, 252, 8487.112305, 5732.036621, 2, 1, 46.388, 54.117145, 3237.156254, 105.472469, 255, 2995224611, 2227381266, 255, 0.101523, 0.053828, 0.047695, 51, 44, 1, 0, 12, 1, 4, 3, 1, 12, 0, 0, 1, 3, 12, 0, 1, tcp, http, FIN


Backdoor (DoS)
1.171427, 4, 0, 360, 0, 2.560979, 254, 0, 1843.904907, 0, 0, 0, 390.475656, 0, 552.206063, 0, 0, 0, 0, 0, 0, 0, 0, 90, 0, 0, 0, 10, 2, 10, 10, 10, 10, 0, 0, 0, 10, 10, 0, 1, cbt, -, INT 


Exploits (Fuzzers)	
1.001789, 14, 10, 798, 518, 22.958927, 254, 252, 5917.414062, 3729.328369, 4, 3, 74.732154, 101.053891, 3716.08268, 126.377078, 255, 2099736304, 3117302236, 255, 0.202847, 0.0923, 0.110547, 57, 52, 0, 0, 1, 1, 1, 1, 1, 1, 0, 0, 0, 1, 1, 0, 1, tcp, -, FIN


DoS	
0.000002, 2, 0, 180, 0, 500000.0013, 254, 0, 360000000, 0, 0, 0, 0.002, 0, 0, 0, 0, 0, 0, 0, 0, 0, 0, 90, 0, 0, 0, 10, 2, 10, 10, 10, 10, 0, 0, 0, 10, 10, 0, 1, emcon, -, INT